light -840 -488 1484 1 1 0.59 0
light -840 -252 1336 1 1 0.59 0
light -840 -120 1300 1 1 0.59 0
light -840 120 1300 1 1 0.59 0
light -828 200 1304 1 1 0.59 0
light -772 -600 1496 1 1 0.59 0
light -772 -360 1304 1 1 0.59 0
light -772 360 1304 1 1 0.59 0
light -744 -60 1192 1 1 0.59 0
light -708 -56 1160 1 1 0.59 0
light -700 408 1256 1 1 0.59 0
light -632 24 1100 1 1 0.59 0
light -600 -380 1160 1 1 0.59 0
light -600 -60 1080 1 1 0.59 0
light -528 -704 1340 1 1 0.59 0
light -528 -660 1296 1 1 0.59 0
light -520 252 1064 1 1 0.59 0
light -488 60 1016 1 1 0.59 0
light -488 840 1484 1 1 0.59 0
light -408 -56 980 1 1 0.59 0
light -408 744 1300 1 1 0.59 0
light -380 -24 968 1 1 0.59 0
light -376 60 968 1 1 0.59 0
light -360 -452 1064 1 1 0.59 0
light -360 452 1064 1 1 0.59 0
light -324 -200 968 1 1 0.59 0
light -324 840 1368 1 1 0.59 0
light -252 -664 1160 1 1 0.59 0
light -252 520 1064 1 1 0.59 0
light -252 936 1480 1 1 0.59 0
light -200 -696 1172 1 1 0.59 0
light -200 -360 980 1 1 0.59 0
light -200 -324 968 1 1 0.59 0
light -200 324 968 1 1 0.59 0
light -124 168 920 1 1 0.59 0
light -120 252 936 1 1 0.59 0
light -72 60 904 1 1 0.59 0
light -60 -920 1400 1 1 0.59 0
light -60 -72 904 1 1 0.59 0
light -24 900 1368 1 1 0.59 0
light 0 0 900 1 1 0.59 0
light 60 -600 1080 1 1 0.59 0
light 60 -488 1016 1 1 0.59 0
light 60 -200 920 1 1 0.59 0
light 60 72 904 1 1 0.59 0
light 60 600 1080 1 1 0.59 0
light 124 -360 968 1 1 0.59 0
light 124 360 968 1 1 0.59 0
light 196 72 920 1 1 0.59 0
light 200 60 920 1 1 0.59 0
light 200 900 1400 1 1 0.59 0
light 252 -936 1480 1 1 0.59 0
light 252 120 936 1 1 0.59 0
light 252 664 1160 1 1 0.59 0
light 312 -516 1080 1 1 0.59 0
light 324 -200 968 1 1 0.59 0
light 324 200 968 1 1 0.59 0
light 360 -452 1064 1 1 0.59 0
light 360 -124 968 1 1 0.59 0
light 360 696 1228 1 1 0.59 0
light 376 -60 968 1 1 0.59 0
light 380 -24 968 1 1 0.59 0
light 396 -528 1120 1 1 0.59 0
light 516 488 1160 1 1 0.59 0
light 520 -252 1064 1 1 0.59 0
light 528 -660 1296 1 1 0.59 0
light 600 -772 1496 1 1 0.59 0
light 600 -444 1192 1 1 0.59 0
light 600 -60 1080 1 1 0.59 0
light 600 600 1300 1 1 0.59 0
light 632 24 1100 1 1 0.59 0
light 632 324 1160 1 1 0.59 0
light 660 -704 1472 1 1 0.59 0
light 704 528 1340 1 1 0.59 0
light 708 56 1160 1 1 0.59 0
light 772 -600 1496 1 1 0.59 0
light 808 60 1256 1 1 0.59 0
light 828 -520 1496 1 1 0.59 0
light 828 -200 1304 1 1 0.59 0
light 828 200 1304 1 1 0.59 0
light 840 252 1336 1 1 0.59 0
light 900 -200 1400 1 1 0.59 0
light 920 -60 1400 1 1 0.59 0
